image_width: 640
image_height: 480
camera_name: mmal_service_16.1
camera_matrix:
  rows: 3
  cols: 3
  data: [368.40593482372498, 0, 290.39157712666201, 0, 366.07895413101744, 230.56924263450554, 0, 0, 1]
distortion_model: plumb_bob
distortion_coefficients:
  rows: 1
  cols: 5
  data: [-0.29775455240555487, 0.068674187661045008, -0.00041450746438737528, 0.00068946527647940621, 0]
rectification_matrix:
  rows: 3
  cols: 3
  data: [1, 0, 0, 0, 1, 0, 0, 0, 1]
projection_matrix:
  rows: 3
  cols: 4
  data: [268.10009765625, 0, 279.11949782021111, 0, 0, 307.66119384765625, 225.57566946784209, 0, 0, 0, 1, 0]