image_width: 1280
image_height: 720
camera_name: mmal_service_16.1
camera_matrix:
  rows: 3
  cols: 3
  data: [1532.310544, 0.          , 473.564903 ,
          0.        , 1521.222457 , 314.656573 ,
          0.        , 0.          , 1.         ]
distortion_model: plumb_bob
distortion_coefficients:
  rows: 1
  cols: 5
  data: [-0.428682, 0.241646, 0.006020, 0.003566, 0.      ]
rectification_matrix:
  rows: 3
  cols: 3
  data: [1., 0., 0.,
         0., 1., 0.,
         0., 0., 1.]
projection_matrix:
  rows: 3
  cols: 4
  data: [1392.58313,   0.       , 451.023913,   0.     ,
           0.      , 1482.136841, 313.631935,   0.     ,
           0.      ,   0.       ,   1.      ,   0.     ]
