image_width: 640
image_height: 480
camera_name: webcam:_webcam
camera_matrix:
  rows: 3
  cols: 3
  data: [462.81797,   0.     , 294.66458,
           0.     , 466.18714, 222.04696,
           0.     ,   0.     ,   1.     ]
distortion_model: plumb_bob
distortion_coefficients:
  rows: 1
  cols: 5
  data: [-0.316618, 0.096012, 0.003384, 0.000072, 0.000000]
rectification_matrix:
  rows: 3
  cols: 3
  data: [1., 0., 0.,
         0., 1., 0.,
         0., 0., 1.]
projection_matrix:
  rows: 3
  cols: 4
  data: [379.79474,   0.     , 283.34706,   0.     ,
           0.     , 421.71713, 219.51895,   0.     ,
           0.     ,   0.     ,   1.     ,   0.     ]
