image_width: 640
image_height: 480
camera_name: webcam:_webcam
camera_matrix:
  rows: 3
  cols: 3
  data: [445.22383,   0.     , 286.46493,
           0.     , 447.61807, 219.60539,
           0.     ,   0.     ,   1.     ]
distortion_model: plumb_bob
distortion_coefficients:
  rows: 1
  cols: 5
  data: [-0.311609, 0.082870, -0.001960, 0.000886, 0.000000]
rectification_matrix:
  rows: 3
  cols: 3
  data: [1., 0., 0.,
         0., 1., 0.,
         0., 0., 1.]
projection_matrix:
  rows: 3
  cols: 4
  data: [354.27573,   0.     , 269.98761,   0.     ,
           0.     , 399.04327, 212.89816,   0.     ,
           0.     ,   0.     ,   1.     ,   0.     ]